,0,1,2,3,4,5,6,7,8,9,10,11,12,13,14,15,16,17,18,19,20,21,22,23,24,25,26,27,28,29,31,32,33,34,35,36,37,38,39,40,41,42,43,44,45,46,47,48,49,50,51,52,53,54,56,57,58,59,60,61,62,63,64,65,66,67,68,69,70,71,72,73,74,75,76,77,78,79,80,81,82,83,84,85,86,87,88,89,90,91,92,93,94,95,96,97,98,99,100,101,102,103,104,105,106,107,108,109,110,111,112,113,114,115,116,117,118,119,120,121,122,123,124,125,126,127,128,129,130,131,132,133,134,135,136,137,138,139,140,141,142,143,144,145,146,147,148,149,150,151,152
0,1.0,0.0,0.0,0.008814272184717255,0.0,0.014992441272517304,0.0,0.0,0.0,0.0,0.0,0.0,0.017282192186215385,0.0,0.0,0.0,0.0,0.0,0.0,0.0,0.0,0.0,0.0,0.020481532066936987,0.0,0.0,0.0,0.0,0.0,0.0,0.0,0.0,0.0,0.0,0.0,0.0,0.0,0.0,0.0,0.0,0.0,0.0,0.0,0.0,0.0,0.0,0.0,0.0,0.0,0.0,0.0,0.0,0.0,0.0,0.0,0.0,0.0,0.0,0.0,0.0,0.0,0.0,0.0,0.0,0.009278043265055269,0.0,0.0,0.0,0.0,0.0,0.0,0.0,0.0,0.0,0.0,0.0,0.0,0.0,0.0,0.0,0.0,0.0,0.0,0.0,0.03293591304039464,0.0,0.0,0.0,0.0,0.0,0.0,0.0,0.0,0.0,0.0,0.0,0.0,0.0,0.0,0.0,0.0,0.0,0.0,0.0,0.0,0.0,0.0,0.0,0.0,0.0,0.0,0.0,0.0,0.0,0.0,0.0,0.0,0.014940441205928984,0.0,0.015358953844124312,0.0,0.0,0.0,0.0,0.0,0.0,0.0,0.0,0.0,0.0,0.0,0.0,0.0,0.0,0.0,0.0,0.0,0.0,0.0,0.016443954220949842,0.0,0.0,0.009037137245090891,0.0,0.026585172910296866,0.0,0.0,0.0,0.0,0.0,0.0
1,0.0,1.0,0.003296256281491745,0.0006997683098597093,0.0006735581217847785,0.0,0.0,0.005682615712404474,0.0007889420543086835,0.0008408597228521116,0.004160122744826892,0.004152569496807077,0.004677159556238653,0.000559510907533229,0.0030088880858938935,0.0,0.0010751827285595025,0.0,0.0045010448249510355,0.0033794733829857026,0.0,0.0010750262126063648,0.0,0.0055430116967273985,0.0,0.0037960878028174883,0.0007331925068713738,0.001542472096097885,0.0,0.0,0.0,0.0,0.000579594879571192,0.0007054491236821292,0.0,0.007319475208223559,0.0005703629538065506,0.0,0.0,0.0,0.0,0.0031128555311016447,0.0008155443440613068,0.003160460856464847,0.0030391645221579285,0.0,0.0018996785827278416,0.0007514353158482977,0.0,0.0,0.0,0.0011339179652905505,0.0,0.0,0.0010214044672394518,0.000741535214199074,0.0,0.0,0.0,0.0006907472219190684,0.0,0.0007383719250128139,0.0011801294816815838,0.0015455979344943605,0.0,0.0,0.0,0.0,0.0008831517247787642,0.0,0.0,0.0008153127901602546,0.0012828039985283617,0.0008431289865856315,0.001539177741620172,0.0006434373898947422,0.0,0.0009370857901288146,0.0,0.0030144125018458155,0.0005955890322378731,0.0,0.0,0.0009354562921882909,0.0,0.0027415573241788894,0.0008450500413790902,0.0027725632785188807,0.006211182831445395,0.001157456185306221,0.0,0.0038317768031082477,0.0008448963657325615,0.0010178363330016747,0.006340127284712707,0.0,0.0007105067857874132,0.0,0.0,0.004000793100320618,0.0044360803442442896,0.0012579714770978318,0.0,0.0008676468200806878,0.0,0.0007150604340618746,0.0,0.002845701620226729,0.0011932019365755457,0.0007570937426906347,0.0,0.0009041405927000609,0.0007940279220254507,0.0009083006549904974,0.0,0.0016747837975480038,0.0007444269576943599,0.0,0.0,0.0010154572132309832,0.000795548343090659,0.006966244745098144,0.0013667996821936986,0.0,0.0,0.0008913877391753832,0.00561973554136925,0.0010286343180091516,0.0008944533957555356,0.0007261014462616228,0.0017125191047692335,0.0,0.0,0.0010284366628101201,0.003252779294601484,0.0034740644539611562,0.0,0.0019678281856683596,0.0,0.0,0.01865543573149546,0.0057417071582356646,0.0011949806341786209,0.005551492583775191,0.0,0.0008899796949937197,0.0022839399404380196,0.0,0.0020410131336232678,0.0014003408343598942,0.0
2,0.0,0.003296256281491745,1.0000000000000002,0.000808340352820298,0.0007780635420852941,0.005817287313996994,0.0,0.0,0.0009113497847058918,0.0009713227013365631,0.0005078852232765232,0.004796858395649261,0.0,0.0006463214152879948,0.00347572992757542,0.0,0.0012420019224996344,0.0,0.0051994011597786185,0.0039038131167973837,0.0,0.0012418211224276697,0.0,0.0,0.0,0.004385067043806975,0.0008469504567996574,0.0017817932318558382,0.0,0.0,0.0,0.0,0.0006695215013942874,0.0008149025691779406,0.0,0.0,0.0006588572029048385,0.0,0.0,0.0,0.0,0.003595828366097032,0.000942079533369095,0.003650819861079036,0.003510703882278681,0.0,0.0021944218310132454,0.0008680237155298167,0.0,0.0,0.0,0.0013098501821495715,0.0,0.0,0.0011798797341738625,0.0008565875708125823,0.0,0.0,0.0,0.0007979196045440256,0.0,0.0008529334837942564,0.0013632316127424739,0.0017854040574343396,0.0,0.0,0.0,0.0,0.0010201764880502266,0.0,0.0,0.000941812052891005,0.0014818365195440086,0.000973944051033527,0.001777987744206128,0.0007432694499548877,0.0,0.0010824786540669087,0.0,0.003482111480264763,0.0006879972151805241,0.0,0.0,0.0010805963325590557,0.0,0.0031669216560380187,0.0009761631656856936,0.0032027383166635093,0.0,0.0013370404575652206,0.0,0.004426293344970312,0.017493465187899713,0.0011757579886646195,0.0,0.0,0.0008207449491671841,0.0,0.0,0.004621533242799378,0.012935666878909083,0.0014531511263192187,0.0,0.009483388102457514,0.0,0.0008260051154264072,0.0,0.003287224384563135,0.0013783323148639107,0.0008745600714717707,0.014397230236070284,0.0010444218685022237,0.0009172247465277457,0.001049227382230446,0.0,0.0019346336590736481,0.000859927980665829,0.0,0.0,0.0011730097382969685,0.0009189810674170588,0.0009464598067576399,0.0015788644923926684,0.0,0.0,0.0010296903552679787,0.0007635180802764697,0.0011882313271792517,0.001033231661564234,0.0008387591878404995,0.001978223760430348,0.0,0.0,0.0011880030049316295,0.0037574618993133036,0.004013080396564993,0.0,0.002273145136011932,0.0,0.0,0.005015274317858769,0.0,0.0013803869849993997,0.0007542463393571616,0.0,0.0010280638470158106,0.002638302980088036,0.0,0.002357685041316969,0.001617609697618463,0.0
3,0.008814272184717255,0.0006997683098597093,0.000808340352820298,0.9999999999999969,0.011809789255569528,0.03282372476541076,0.0,0.005281757667323306,0.0008805278770343085,0.0009384725058108462,0.00417215211017644,0.004634628339675666,0.013914571440938807,0.0006244627839233071,0.0,0.0,0.001199997338501662,0.0,0.005023557081924431,0.0,0.0,0.0011998226530996281,0.0,0.005152001474487326,0.0,0.0,0.000818306538493023,0.0017215328714500519,0.0,0.00418732766874984,0.0,0.0,0.0006468782416421888,0.0074497938952912,0.0,0.008169170258961321,0.0006365746104057971,0.0,0.0,0.0,0.0,0.0,0.008612438617848269,0.0007750392644328536,0.00596767780670388,0.0,0.0037301928327217156,0.0008386670982728775,0.0,0.0,0.006055445103352307,0.0012655509656957602,0.0,0.0,0.0011399761265354243,0.0008276177246972057,0.0,0.0,0.0,0.0007709339127785538,0.0,0.0008240872191342034,0.0013171270329114797,0.008195838246364193,0.0,0.0,0.0,0.0,0.0009856740543512362,0.005718268715369119,0.0,0.0009099599093723023,0.0014317207142228877,0.000941005201294367,0.001717856085634646,0.0007181320298928297,0.0,0.008155379366911023,0.0,0.003364346248574368,0.0006647291056133025,0.004298241186528156,0.0,0.0010440504958766723,0.0,0.0,0.0009431492653478835,0.003094421503131478,0.0,0.0012918216642678194,0.0,0.0009396659569053328,0.0009429777499747953,0.001135993778721406,0.0,0.0,0.006183481215806738,0.0,0.0,0.010639981218904616,0.00784658939014667,0.0014040054628210675,0.0,0.00916265931378274,0.0,0.0007980695698969327,0.0,0.0,0.0013317170283269142,0.0008449823942412271,0.0,0.0010090994544945803,0.0008862041472737578,0.001013742445442931,0.008961625526061197,0.0018692042257002165,0.0008308451616767986,0.0,0.0,0.0011333384743559506,0.0008879010692789097,0.0009144504759076164,0.001525467194859787,0.0,0.0,0.000994866161974696,0.0007376958502493233,0.0011480452681342926,0.016935202399510393,0.0008103922987709475,0.0019113201070571333,0.0,0.0,0.001147824667759604,0.0036303842989411244,0.0,0.0,0.0021962672229624666,0.0,0.0,0.001064701811141509,0.0,0.01493287387859542,0.0007287376801974972,0.0,0.0009932946623350462,0.0025490754055314904,0.0,0.002277947983294186,0.0015629020347810334,0.0
4,0.0,0.0006735581217847785,0.0007780635420852941,0.011809789255569528,1.0000000000000004,0.003994438354397508,0.0,0.03262639642008355,0.0008475472448206039,0.0009033215272171096,0.0004723287687087458,0.004461035910969289,0.00418439982863923,0.0006010732037125283,0.0,0.0,0.0011550508105032014,0.0,0.004835397123739433,0.005548496475521409,0.0,0.0011548826680342736,0.0,0.004959030564393233,0.009755719090374228,0.0,0.0007876564390606157,0.0016570519572644301,0.0,0.0035011609363247084,0.0,0.0,0.0006226490787376534,0.0007578521868273504,0.0,0.006971447510233424,0.0006127313753987606,0.0,0.0,0.0,0.0,0.0,0.0008761256394728093,0.0007460097633822648,0.004989769626421797,0.0,0.0,0.0008072543834238792,0.0,0.0,0.0,0.0012181490923014846,0.0,0.0,0.001097277724426568,0.006773094439792777,0.007242260320320001,0.0,0.0,0.000742058179821571,0.0,0.000793220601284669,0.001267793350941648,0.001660409993138191,0.0,0.0,0.0,0.0,0.0009487551170671158,0.0,0.0,0.006348175704218006,0.0013780948659788035,0.0009057593592665133,0.0016535128873849637,0.00654042033041378,0.0,0.0010066955808055646,0.0,0.0032383329000390494,0.0006398313292614437,0.0,0.02617110961316185,0.001004945038440141,0.007282321358241055,0.0,0.006579715424894453,0.002978518327126771,0.0,0.0012434358081170633,0.0,0.0009044702769765915,0.0009076580251043314,0.001093444537532978,0.0,0.0,0.011991019436824254,0.0,0.0,0.0,0.0017169684837441883,0.0013514177038153074,0.0,0.006755658110055663,0.0,0.0007681774567086814,0.0,0.0,0.001281836870447181,0.0008133331366783804,0.0,0.0009713031065949226,0.0008530109073891371,0.0009757721918886849,0.007647716962780887,0.0017991922036984197,0.0007997254215544415,0.0,0.0,0.0010908886889814458,0.000854644270292974,0.000880199255009154,0.0014683300231472982,0.0,0.0,0.0009576029294914059,0.0007100650663102692,0.0011050446321061095,0.008169830920287469,0.0007800386313270468,0.0018397306126894794,0.0,0.0,0.0011048322944338447,0.0034944063560722926,0.006566135411619767,0.0,0.002114004885320751,0.0,0.0,0.0010248228478896104,0.004462172441020713,0.0012837476955130044,0.0007014424292035011,0.0,0.0009560902911927664,0.010118387960698551,0.0,0.0021926262500493354,0.0015043627215581819,0.0029712991151054674
5,0.014992441272517304,0.0,0.005817287313996994,0.03282372476541076,0.003994438354397508,0.9999999999999992,0.0,0.004491944427374907,0.006336790722893828,0.0,0.017053710709529192,0.0,0.015531001456969519,0.0027127631245568375,0.024297498575615598,0.0,0.0,0.0,0.0,0.0,0.0,0.0,0.0,0.00876318292917018,0.0,0.01614202314096719,0.0,0.0,0.0393428196390184,0.010748888835917892,0.0,0.0,0.0,0.0030710171889663553,0.0,0.00512967958770472,0.0045811611317014955,0.0,0.0,0.017981711850963776,0.0,0.0,0.0,0.0,0.03966976269187527,0.0,0.029156280224064763,0.0,0.0,0.009815416265321628,0.0,0.0,0.012602692035291244,0.004921459823512308,0.0,0.0,0.0,0.0,0.0,0.0,0.0,0.0,0.0,0.0,0.0,0.0,0.0,0.0,0.0,0.0,0.0,0.005805942374989704,0.0,0.0050000536743554655,0.0,0.0031196768477009416,0.0,0.004543417727484932,0.0,0.0,0.0,0.0,0.0,0.0,0.003884042690655285,0.0,0.0,0.0,0.0,0.0,0.0,0.0,0.0,0.0,0.0096507076203976,0.0,0.0,0.0,0.0,0.0,0.006418562520130772,0.0,0.0,0.0,0.005588486560322188,0.0,0.01793321180293094,0.0,0.0,0.0,0.0,0.003935976682388293,0.0,0.0,0.0,0.0,0.0,0.0,0.0,0.0,0.0,0.0,0.0029750304997061354,0.0,0.0,0.005286245178912038,0.0,0.0,0.004925046469935134,0.0,0.0,0.016522635681593217,0.0,0.0,0.010450542746495315,0.0,0.0,0.0,0.0,0.0,0.004152852807207686,0.0037106483183903397,0.014169869471351172,0.0,0.0,0.007148326095687519,0.0,0.0,0.01453430485014796,0.0,0.02830854149567672
6,0.0,0.0,0.0,0.0,0.0,0.0,1.0000000000000002,0.0,0.0,0.0,0.0,0.0,0.0,0.0,0.0,0.006287739207032,0.0,0.0,0.0,0.010516583678892502,0.0,0.0,0.0,0.0,0.0,0.0,0.0,0.007556327383130669,0.0,0.0,0.0,0.0,0.0,0.0,0.0,0.0,0.0,0.0,0.0,0.019256902172265472,0.0,0.0,0.0,0.0,0.0,0.0,0.0,0.0,0.0,0.0,0.0,0.0,0.0,0.0,0.0,0.008194661469175536,0.0,0.0,0.012006571118825674,0.0,0.0,0.0,0.0,0.005477425501600847,0.0,0.0,0.0,0.0,0.0,0.03739488625752045,0.0,0.0,0.0,0.0,0.0,0.0,0.011006061352403246,0.0,0.0,0.0,0.0,0.0,0.0,0.0,0.0,0.0,0.0,0.0,0.0,0.0,0.0,0.0,0.005988435668280577,0.0,0.0,0.0,0.0,0.0,0.0,0.0,0.022324614142317706,0.0,0.0,0.0,0.0,0.0,0.0,0.007851257486892246,0.0,0.0,0.0,0.0,0.030957037047050842,0.0,0.016022538664039628,0.0,0.0,0.0,0.0,0.0,0.0,0.0,0.0,0.0,0.0,0.0,0.0,0.0,0.0,0.0,0.0,0.0,0.0,0.0,0.009221987613568147,0.0,0.0,0.0,0.0,0.0,0.0,0.0,0.0,0.0,0.0,0.0,0.0,0.07270520667267065,0.0,0.0,0.0
7,0.0,0.005682615712404474,0.0,0.005281757667323306,0.03262639642008355,0.004491944427374907,0.0,0.9999999999999982,0.002615895132724453,0.0,0.0,0.0,0.15604424709300568,0.0,0.002809361794857552,0.0,0.0,0.0,0.0,0.0,0.0,0.0,0.0,0.0,0.0,0.003544360487569255,0.0,0.0,0.0,0.0,0.0,0.0,0.001921762715198194,0.0,0.0,0.0,0.0,0.0,0.002398479255166379,0.0,0.0,0.0,0.0027041003436181613,0.008596376144599743,0.0,0.0,0.0,0.007474602125274951,0.0,0.0,0.0,0.0037597317446989575,0.006678963390451737,0.0,0.0,0.0,0.0026415582597349775,0.0,0.0,0.0,0.0025225237055916763,0.002448219757373562,0.0,0.0,0.0,0.0,0.0,0.0,0.0,0.0,0.0,0.0,0.004253393158170848,0.0,0.0,0.0,0.0,0.0,0.0,0.0,0.0,0.0,0.0,0.0,0.0,0.0,0.0,0.0,0.0,0.0,0.0,0.00860683153064742,0.0,0.0,0.0,0.0,0.0,0.0,0.0,0.0,0.0,0.0,0.0,0.0,0.0015622797100983588,0.0,0.0,0.002656996599145407,0.0,0.0,0.0,0.0029978589211030983,0.0,0.0,0.0,0.0,0.0024682964289537363,0.0,0.0,0.0,0.002637799604131146,0.0027166732722887867,0.0,0.0,0.0,0.0,0.00219156603036549,0.0,0.006751214672814063,0.0,0.0,0.0,0.0,0.0,0.0,0.0,0.0,0.0,0.0,0.0,0.0031630438492743634,0.005776578508500496,0.0,0.0,0.0,0.0,0.0,0.002587044508928784,0.0,0.0,0.003846543995668299
8,0.0,0.0007889420543086835,0.0009113497847058918,0.0008805278770343085,0.0008475472448206039,0.006336790722893828,0.0,0.002615895132724453,1.0000000000000002,0.00396202189909051,0.0020716620481299893,0.014523367513033647,0.008888179264362533,0.0007040401010536526,0.0029261666068258084,0.0,0.0013529168898663837,0.003027997898965678,0.02710819094681488,0.0,0.004542942870103318,0.00135271994373722,0.0,0.0,0.0,0.003691724334068504,0.0009225859937303301,0.008537791898801207,0.0,0.0,0.0,0.0,0.002730975860840072,0.0008876761214809388,0.0,0.0,0.0007176953768526405,0.0,0.0024982008072008256,0.006789409584653881,0.0,0.01378259369783698,0.009795728777361803,0.03524665213420859,0.0,0.004954186239580481,0.0,0.008730914761295819,0.004471455633176528,0.0,0.0,0.00534287430846948,0.0,0.007026788907382216,0.0012852469802641128,0.0009330837345803712,0.0027513863055197265,0.0,0.0,0.003560488033967546,0.005254805305418577,0.006029122064955976,0.0014849728009818158,0.0019448466711528784,0.0,0.0,0.0,0.013789840547318511,0.0011112816947577058,0.0,0.0,0.003841648067369317,0.006044405976743564,0.0010609205449346104,0.001936768056099857,0.0008096459227227648,0.0,0.0011791476546666798,0.0,0.003793075798599836,0.0007494376906643169,0.0017728207238253643,0.0,0.01529488264903503,0.0,0.0,0.007231701569854993,0.0034887536677203233,0.0025349568028356488,0.005453783346723056,0.0,0.0010594106362911083,0.001063144461888599,0.0012807571489569574,0.0,0.0037944510915411934,0.0008940402457397459,0.0,0.0,0.0,0.005124661812777261,0.0015829224308839254,0.0,0.0010917716646162243,0.0016272346006054796,0.006521349271304229,0.0,0.005534933049278722,0.005622212688121558,0.0009526612402624994,0.0050866892956975196,0.010905435641417133,0.0009991360149292886,0.0011429269319269354,0.0036971175577463016,0.002107402980340807,0.014831473651390524,0.0,0.0,0.005234220481799579,0.013102511173342797,0.01024525491859918,0.014321924436750157,0.0,0.0,0.0011216451824574173,0.003114387577109383,0.001294344398737943,0.008776338565191215,0.0009136632167816604,0.0021548858250032186,0.0029985573417623964,0.0021751371098342603,0.00937933965035882,0.004093015940248584,0.0,0.003306284857055792,0.0024761446757173323,0.0,0.0,0.004494933911888326,0.0,0.0015036602059349646,0.00820977544904226,0.0030351215499101933,0.0011198734215237174,0.007323292427523312,0.0026946060369498694,0.002568234280155866,0.013740084533553212,0.003971195992791871
9,0.0,0.0008408597228521116,0.0009713227013365631,0.0009384725058108462,0.0009033215272171096,0.0,0.0,0.0,0.00396202189909051,0.9999999999999977,0.0022079912791063486,0.005569089434763792,0.0,0.0007503706527185835,0.0,0.007611087148386908,0.0014419478779741698,0.003227260430871713,0.006036436283440152,0.0,0.004841898922520156,0.0014417379714713019,0.0,0.0,0.0,0.00974523401805845,0.0009832983281327242,0.005377049400376383,0.0,0.0,0.0,0.0,0.0007773056472010872,0.000946091152594151,0.0,0.0,0.000764924537076881,0.0,0.0,0.0,0.0,0.0,0.0010937419334186758,0.0034873654979333726,0.0,0.0,0.0,0.0010077641040365153,0.0,0.0,0.0,0.0015207188140364657,0.0,0.0,0.0013698248353212427,0.0009944868906051273,0.022541749900273095,0.0,0.0,0.0038895080193162767,0.019118124247909832,0.003708061600465485,0.0015826939520553714,0.005387946056152498,0.030132317695677237,0.0,0.0,0.006906045310400185,0.004972912820780726,0.0,0.0,0.004094454227128351,0.0017203926871230276,0.0011307362188513635,0.0020642203593874563,0.0008629260444045682,0.0,0.0012567434638448185,0.0,0.004042685577919263,0.0007987557076281313,0.0018894841951460012,0.0,0.02683890675203664,0.008060138801085361,0.0,0.0011333125817423587,0.003718337013621548,0.0027017739300793635,0.010777878095879366,0.0,0.0011291269481114234,0.0011331064844283653,0.0013650395430580544,0.0,0.004044151374342706,0.0009528740788321826,0.0,0.0,0.0,0.0021434373615173514,0.0016870893233036754,0.0,0.0011636175487329233,0.0,0.0009589810625959539,0.0,0.002949584348054365,0.005992191919458547,0.0010153527272177224,0.018058041822739325,0.004540542373892424,0.0010648858531710267,0.009498690181780164,0.0,0.0022460842039151285,0.010125282802368733,0.0,0.004550279527852216,0.01061929594384791,0.004479629540323274,0.0010988273731455704,0.0018330408859854588,0.012094052850309074,0.0,0.0011954569440286577,0.0037218156806979948,0.005792106434717286,0.012531207676056314,0.0009737883727295939,0.0022966917376180326,0.0031958824879222076,0.002318275692557981,0.009996562986932325,0.004362363788760727,0.0,0.00352386053372471,0.0026390915712939853,0.0,0.0,0.0012793732685838185,0.0,0.006728780966577622,0.003279026959781765,0.007004855141333978,0.008650739904376727,0.003063035020054078,0.0,0.002737241288174775,0.007885137619354785,0.0
10,0.0,0.004160122744826892,0.0005078852232765232,0.00417215211017644,0.0004723287687087458,0.017053710709529192,0.0,0.0,0.0020716620481299893,0.0022079912791063486,1.0,0.0029119655364071174,0.0,0.01642544545341204,0.0,0.0,0.0007539657200951829,0.0016874699646671062,0.003156331861070343,0.0,0.002531732154476248,0.0007538559641809748,0.0,0.0,0.0,0.0,0.000514147039129149,0.003243069849475923,0.0,0.0,0.0,0.0,0.0004064375841721778,0.008866810643562255,0.0,0.0,0.05838298994343903,0.0,0.0,0.024966973974518795,0.0,0.0,0.0005718957925073361,0.001823473704596368,0.02452388903923292,0.0,0.0,0.0005269397042654957,0.0,0.0,0.0,0.0007951534678896592,0.0,0.0,0.000716254022869575,0.0005199973147807121,0.0,0.0,0.0,0.00048438252656430724,0.0035963439240005975,0.0019388712847790862,0.0008275590286440956,0.0010838416844920298,0.0,0.0028346429543091335,0.0,0.0036110330373252996,0.013575428168552837,0.003965227508742195,0.005021972230268888,0.0021409082650689906,0.0008995589445407375,0.000591239364824839,0.001079339561071555,0.01888925775727479,0.0,0.000657126034280725,0.0,0.002113839473280121,0.0004176533919714742,0.0036885849297045407,0.0,0.000655983358198338,0.0,0.0,0.0005925864934776894,0.0019442440929074707,0.0014127035781546953,0.003039333545951421,0.0,0.000590397909325094,0.000592478729312196,0.0007137518892056663,0.0,0.005193779915655545,0.0004982388073666628,0.0,0.0,0.0,0.0011207605478956836,0.0008821452813513808,0.0,0.0006084323549048047,0.0,0.000501432027094917,0.0035476781480129117,0.0015422786918530542,0.0031331973676125,0.0005309076436263747,0.0028347560640696917,0.0077392318986512845,0.0005568075249940822,0.0006369406234048682,0.0,0.0011744325298210405,0.00404105761861043,0.0,0.002972746148443921,0.0007120835451154434,0.0027874300405370464,0.0005745548672799109,0.000958460435829079,0.0,0.0,0.005914479535832817,0.0004634988471215588,0.0007213239142442818,0.00783964344855089,0.0005091744735578693,0.001200894197523037,0.004104374129977619,0.001212180016086509,0.011726223014777935,0.0057035323481472765,0.004663327682551439,0.0018425562292566722,0.001379928225799186,0.0,0.0,0.0006689587067970329,0.021930836493545304,0.0008379733141318041,0.0017145376477939957,0.0016914398970807806,0.0006240931553142002,0.0016015997803030199,0.0,0.001431248750691618,0.0009819809763605375,0.04130300563362723
11,0.0,0.004152569496807077,0.004796858395649261,0.004634628339675666,0.004461035910969289,0.0,0.0,0.0,0.014523367513033647,0.005569089434763792,0.0029119655364071174,1.0000000000000004,0.00255702072177119,0.0037056909721033637,0.014139924371003594,0.0,0.007121031738505982,0.0,0.11874996353458515,0.00856896578276126,0.0,0.036327193381103726,0.01613531655741786,0.0,0.0,0.008213949144610842,0.0048559997972259785,0.010215931171800828,0.0,0.004614254565898689,0.0,0.0,0.0038387089220003204,0.004672252879631022,0.0,0.0,0.0037775650488415507,0.0,0.0,0.007147164988503008,0.0,0.0,0.011668094866305649,0.004599242867909942,0.0,0.005215237937343867,0.0,0.00497682355887459,0.004707070732824706,0.0,0.02683910225809933,0.007510040484480559,0.0,0.03255874965689184,0.006764853485703481,0.004911254296845047,0.0,0.0,0.021594092269391275,0.041707504888392,0.0,0.004890303548572137,0.00781610350629446,0.010236633880130755,0.0,0.0,0.0,0.007695396467334742,0.023402159250855724,0.0,0.0,0.0053998898060049465,0.00849612604923583,0.0055841189721998015,0.010194112366335906,0.004261543599496479,0.0,0.00620640331727664,0.0,0.019964724626252518,0.00394463963102737,0.0,0.0,0.021057307058600035,0.0,0.0,0.012090236565782037,0.018362935507530813,0.0,0.0076659362288477445,0.0,0.005576171619739973,0.005595824482960864,0.006741221412308383,0.033201291027869895,0.0,0.00470575022981876,0.0,0.0,0.0,0.013862955606922384,0.01874255553966333,0.0,0.005746502784588246,0.0,0.004735909451155841,0.0,0.0,0.007902683548669964,0.005014299827851009,0.0,0.009696570301874624,0.00525891821344512,0.0060157567829970515,0.022380961159606326,0.02986464085835531,0.007983701194454202,0.0,0.0,0.010890399497754189,0.008531958967002729,0.012147613708798034,0.014658416306022135,0.0,0.0,0.0059037410231536375,0.004377639345057857,0.006812737436429394,0.005924045141911081,0.004809035066189646,0.011342167776632654,0.017256827175123068,0.0,0.018339018818642083,0.02692741108916089,0.0,0.0,0.013033102740447835,0.0,0.0,0.006318160170796901,0.0,0.014611642307319567,0.015131864018487717,0.0,0.0058944154201277426,0.01981057121977136,0.0,0.013517813221117512,0.00927458306511561,0.004180450834240314
12,0.017282192186215385,0.004677159556238653,0.0,0.013914571440938807,0.00418439982863923,0.015531001456969519,0.0,0.15604424709300568,0.008888179264362533,0.0,0.0,0.00255702072177119,1.0000000000000007,0.0,0.011561430537232246,0.0,0.0,0.0,0.003464500984231054,0.005194150882910876,0.007179757749240235,0.0,0.0,0.010101557764478223,0.0,0.017745950393888217,0.0,0.0,0.0,0.0,0.004601031661979744,0.0,0.004745204305435498,0.0,0.0,0.0,0.0,0.0,0.005922309761816491,0.005365059331802252,0.0,0.0,0.006676947414677663,0.010865595965705181,0.0,0.00391484749664025,0.0,0.01845624015169537,0.016061142919579607,0.0,0.0,0.009283505773702178,0.0,0.004878434129275496,0.008594081409485754,0.0,0.006522518897896503,0.0,0.023720228500724725,0.002126701264495416,0.006228599531915811,0.006045128694331635,0.0,0.005764908933250092,0.0,0.005520591430728085,0.005224947905229773,0.005776592354507805,0.0,0.013850112136129342,0.009780511093163004,0.0,0.010502451404246688,0.0,0.0,0.004799900251166978,0.0,0.0,0.01040194947522061,0.0,0.004442962113063589,0.0,0.0,0.005760243447523048,0.0,0.008427385442730563,0.0,0.0,0.0,0.007823448818843743,0.0,0.0,0.004611503671078127,0.0,0.004089467323980883,0.005996826376112093,0.0,0.021750325727825738,0.019275921226936797,0.0,0.0024603724780417795,0.0,0.0,0.0,0.0038575711496664695,0.008736068594548414,0.0,0.006560639147633781,0.0,0.0,0.0,0.010185999876945186,0.0,0.0,0.0029214992565466105,0.0,0.008386674551161226,0.01190048774274504,0.0,0.0031264318854869757,0.008962605362763127,0.011753205628273318,0.004208159685908725,0.0,0.004285533311209846,0.0,0.005411400939716951,0.0,0.0,0.0,0.0,0.00473897997985833,0.0,0.0,0.0035507795433007555,0.0053395345682200265,0.0,0.0,0.0,0.0,0.007810167807480878,0.0,0.0,0.0,0.0073945405976658775,0.0,0.0035159446214394065,0.006387913890220355,0.0,0.0,0.0031380787760545573
13,0.0,0.000559510907533229,0.0006463214152879948,0.0006244627839233071,0.0006010732037125283,0.0027127631245568375,0.0,0.0,0.0007040401010536526,0.0007503706527185835,0.01642544545341204,0.0037056909721033637,0.0,1.0000000000000007,0.0,0.0,0.0009594770018052547,0.0,0.004016665148091686,0.040475856000493915,0.0,0.0009593373293073041,0.0,0.0,0.02349438007010578,0.0,0.0006542900379189754,0.0013764790512539949,0.0,0.0,0.0,0.0,0.0005172218103407424,0.000629532257296872,0.0,0.0,0.0005089833777299301,0.0,0.0,0.008829301391741227,0.0,0.015982586739276248,0.0007277795869429008,0.0006196949991971622,0.0039010572531396784,0.02318404424089947,0.0,0.07373406631999045,0.0,0.0,0.0,0.0010118914494541028,0.0,0.0,0.006606263869201833,0.0006617349452831822,0.0,0.01593498672715204,0.0,0.0006164124998363369,0.0,0.0006589120732785861,0.0010531299161983994,0.0013792685027333692,0.0,0.0,0.0,0.0,0.0007881114033194531,0.0,0.0,0.0007275729517014329,0.0011447551208907548,0.0007523957097675003,0.001373539218541657,0.007094612019208968,0.0,0.0008362413573660235,0.0,0.0026900166759098354,0.0005314947531991185,0.0028620502072622895,0.0,0.0008347872177515264,0.0,0.0,0.0007541100303611735,0.0024741940426746935,0.0,0.0010328966052928,0.0,0.0007513248955666293,0.010175308333847187,0.0009083019352676064,0.0,0.0,0.012518206289870722,0.0,0.0,0.0,0.0014262504800626882,0.015150080144512471,0.0,0.016258143556141937,0.0,0.0006381092470695155,0.0,0.0,0.0010647955796198138,0.0006756191436366885,0.0,0.0008068415554410306,0.0007085786534120965,0.000810553932870213,0.0,0.0014945520366535982,0.0006643154939705332,0.0,0.0,0.0009061788443325641,0.0007099354544528668,0.017373873476172346,0.0012197116139473115,0.0,0.0,0.000795461099506147,0.008700145148773007,0.0009179378957469872,0.0007981968456318591,0.0006479620813840163,0.0015282264609845521,0.026364895732138897,0.0,0.02590807302999726,0.03851807939625999,0.005934428507870419,0.0,0.0017560604700026688,0.0,0.0,0.0008512993060853064,0.003488575920144568,0.0010663828627838607,0.0005826738294031997,0.0,0.0007942045819171398,0.002038153876681686,0.04612803074201814,0.0018213696240430492,0.0012496432369753633,0.004645989226777925
14,0.0,0.0030088880858938935,0.00347572992757542,0.0,0.0,0.024297498575615598,0.0,0.002809361794857552,0.0029261666068258084,0.0,0.0,0.014139924371003594,0.011561430537232246,0.0,1.000000000000001,0.0,0.0,0.0,0.0,0.016838634092066877,0.004878930342362906,0.008427406523686643,0.04963012568503504,0.0,0.0,0.05472732974661462,0.0,0.0,0.042708479609475825,0.011574333537526828,0.003126583621039425,0.0,0.0021497031028147855,0.004372245324530969,0.0,0.0,0.0,0.0,0.002682963019363352,0.005400028038626161,0.0,0.004206638059772755,0.003024833842922686,0.005908148035783788,0.02058465691095208,0.0,0.016358829516108286,0.008361165118843727,0.008513106029691603,0.0,0.0,0.004205673745989528,0.0,0.003315089607175071,0.0,0.0,0.002954873638826252,0.0,0.01611883667972137,0.0,0.002821720389280749,0.002738603245435341,0.0,0.0,0.0,0.0037514609795878044,0.003550559470448517,0.0,0.0,0.005590982965803881,0.006646245458810858,0.00688378307196157,0.004757888368475328,0.0,0.0,0.0,0.0,0.0,0.0,0.0,0.0,0.0,0.0,0.0,0.0,0.009431617473726823,0.0,0.0,0.0,0.0,0.0,0.00404040832174777,0.0031336997668371027,0.0,0.011346850799730418,0.004075081525890143,0.0,0.00834670458979012,0.022050067159494452,0.00540657552428359,0.003834981605525004,0.0,0.0,0.0,0.0017475817975356363,0.0026521415008706746,0.0,0.006817755813741647,0.0,0.0,0.0,0.00895713404348691,0.0,0.0,0.009620312469521438,0.0,0.0027610612122013593,0.008086853730286475,0.0,0.0,0.0029506691688622605,0.003038898047395466,0.004235587882546264,0.0,0.0029121899701255623,0.0,0.002451507804913523,0.0,0.0,0.0,0.0,0.01426947465782286,0.0,0.0,0.0024128956237673607,0.008323192762008465,0.0,0.0,0.0,0.0,0.014028722629904879,0.0,0.0039003710847630036,0.0,0.0,0.0,0.0,0.002893894008860822,0.0,0.0,0.029542151825635236
15,0.0,0.0,0.0,0.0,0.0,0.0,0.006287739207032,0.0,0.0,0.007611087148386908,0.0,0.0,0.0,0.0,0.0,0.9999999999999979,0.0,0.0,0.0,0.0,0.0,0.0,0.0,0.0,0.0,0.0,0.0,0.016214801949806835,0.0,0.0,0.0,0.0,0.0,0.0,0.0,0.0,0.0,0.0,0.0,0.0,0.0,0.0,0.0,0.0,0.0,0.0,0.0,0.0,0.0,0.0,0.0,0.0,0.0,0.0,0.0,0.0,0.0,0.0,0.0,0.006252335747156282,0.034431281086780244,0.0,0.0,0.006995031546939932,0.030068288502773433,0.0,0.0,0.0,0.00799389548561073,0.02933750816944857,0.0,0.0,0.0,0.007453307964471189,0.0,0.0,0.0,0.011219616438293813,0.01633593211165432,0.0,0.0,0.0,0.0,0.0076780425728930745,0.0070816706437897775,0.0,0.0,0.0,0.0,0.010476777109651744,0.0,0.0,0.006488029394935017,0.0,0.0,0.0,0.0,0.0,0.0,0.0,0.009567801921229122,0.0,0.0,0.0,0.0,0.0063211747111843655,0.0,0.0,0.0,0.0,0.026663782007021693,0.0,0.01452606842511153,0.0,0.008388290908894864,0.0,0.013476441543429262,0.0,0.009601279134639623,0.008334674510446831,0.007200948749786592,0.0,0.0,0.0,0.0,0.0,0.005982772399282885,0.009310739027472884,0.008096193170217189,0.0,0.0,0.0,0.0,0.0,0.004995672495362726,0.0,0.007857794781161165,0.0,0.0,0.0,0.0,0.0,0.01081643168318072,0.0,0.007954861666120486,0.0,0.0,0.023966136889068932,0.0,0.012675260614941496,0.0
16,0.0,0.0010751827285595025,0.0012420019224996344,0.001199997338501662,0.0011550508105032014,0.0,0.0,0.0,0.0013529168898663837,0.0014419478779741698,0.0007539657200951829,0.007121031738505982,0.0,0.0009594770018052547,0.0,0.0,0.9999999999999983,0.0,0.032052096369485555,0.020579098909344236,0.0,0.0018435081665898626,0.0,0.0,0.0,0.0,0.001257314806141192,0.017989229296217137,0.0,0.0,0.0,0.0,0.0009939179912763685,0.0012097390792626776,0.0,0.0,0.0009780866279655099,0.0,0.0,0.0,0.0,0.0,0.0013985358132320301,0.001190835336971359,0.0,0.0,0.0,0.0012885984780518158,0.0,0.0,0.0,0.0019444986594215387,0.0,0.0,0.0017515549431879488,0.0012716212936572469,0.0,0.0,0.0,0.0011845275303285414,0.0,0.0012661967287677846,0.00202374445534574,0.0026504678500784565,0.0,0.0,0.0,0.0,0.0015144722964664343,0.0,0.0,0.0013981387331398522,0.002199815799549336,0.008831161431776941,0.002639458185517856,0.0011033982883862565,0.0,0.0016069611016362633,0.0,0.02016256987281958,0.0010213455560305574,0.0,0.0,0.001604166757902529,0.0,0.0,0.0014491336436183106,0.004754528760693829,0.0,0.012123509670853676,0.0,0.0014437815963436536,0.0014488701130122106,0.0017454361299630294,0.0,0.0,0.010359308908160027,0.0,0.0,0.0,0.00274075064867619,0.002157231762511569,0.0,0.010119014557249176,0.0,0.0012262210300922603,0.0,0.007019257852072158,0.012497920354132316,0.008829678650555473,0.0,0.00947021352390163,0.001361638387593704,0.0015575989269454482,0.0,0.0028720021631534385,0.001276580198553452,0.0,0.0,0.0017413562976062616,0.0013642456809019959,0.0014050384162380837,0.011136012955451823,0.0,0.0,0.001528595821662632,0.0011334577830155,0.0017639530491884098,0.0015338529613260162,0.0012451547043775652,0.002936712535993981,0.0,0.0,0.0017636141002685503,0.005578026957290535,0.0,0.0,0.003374529186530326,0.0,0.0,0.0016358971709291505,0.0,0.0020492119468268843,0.0011196936991272864,0.0,0.0015261812377972556,0.0039166132721453655,0.0,0.013651771246577215,0.002401373784079991,0.0
17,0.0,0.0,0.0,0.0,0.0,0.0,0.0,0.0,0.003027997898965678,0.003227260430871713,0.0016874699646671062,0.0,0.0,0.0,0.0,0.0,0.0,1.0000000000000002,0.0,0.0,0.005048718275785525,0.012721024999662716,0.0,0.0,0.009204165303239904,0.0,0.0,0.0,0.0,0.0,0.0,0.0,0.006858475510867727,0.01480208705449002,0.0,0.0,0.0,0.0,0.0,0.0,0.0,0.0,0.0,0.002665239029368226,0.0,0.0,0.005612208545778655,0.0,0.0,0.0,0.0,0.0,0.0,0.0,0.0,0.0,0.0,0.0,0.0,0.0,0.002919916928270567,0.0028339072881001003,0.012381034107919684,0.009144702581930982,0.0,0.0,0.0,0.007201033670870728,0.0,0.0,0.0,0.003129210063175514,0.0,0.0,0.0,0.0,0.0,0.0,0.0,0.0,0.0,0.0019701925918925067,0.0,0.0,0.0,0.0,0.0,0.0,0.002817178887066242,0.004442373021074597,0.0,0.0,0.0,0.0,0.007860585317330776,0.0042168953297893165,0.0,0.0,0.009262821497922324,0.0,0.008383797463392108,0.0,0.0,0.0,0.0,0.0,0.0,0.003075574406299684,0.004579566949512485,0.01791771831219952,0.005653001137090375,0.003470135480943945,0.0,0.0,0.0,0.0,0.002857146797437647,0.0,0.0,0.0,0.0,0.0,0.007169718978556914,0.0,0.0,0.0,0.0,0.0,0.0,0.0,0.0,0.003332393051203476,0.0024172997091882397,0.0,0.0,0.0,0.0036743805194254793,0.0,0.0,0.0,0.0,0.0,0.014140472430568757,0.0025060151098988607,0.0033730280297171304,0.0,0.0,0.0,0.0,0.0,0.0
18,0.0,0.0045010448249510355,0.0051994011597786185,0.005023557081924431,0.004835397123739433,0.0,0.0,0.0,0.02710819094681488,0.006036436283440152,0.003156331861070343,0.11874996353458515,0.003464500984231054,0.004016665148091686,0.0,0.0,0.032052096369485555,0.0,1.0000000000000002,0.030261731770437575,0.0,0.0077174908716226304,0.0,0.0,0.0,0.0,0.005263505589508673,0.011073231686608991,0.0,0.0,0.0,0.0,0.0041608456983436804,0.0050643389980338255,0.0,0.0,0.004094570753620816,0.0,0.0,0.009683675977400281,0.0,0.006033615518741405,0.014345397553196944,0.03040115298057711,0.0,0.007066112844956348,0.0,0.010566770403022951,0.006377598369801417,0.027072199231650353,0.02973668684100836,0.008140268063866297,0.0,0.0,0.00733254646232649,0.005323396936241556,0.0,0.0,0.0,0.019287657828165744,0.0,0.005300688043069475,0.008472015282426654,0.011095671724822087,0.0,0.03072160608964074,0.0,0.02762656929174999,0.006340045753594624,0.0,0.0,0.0058530377601898565,0.0092091039573085,0.0215113393463371,0.021644095588963776,0.004619163816419079,0.013710552000292963,0.006727232272516207,0.010592861813332933,0.02164012439277937,0.004275665900639201,0.0,0.0,0.026851609124422735,0.0,0.0,0.01486440177557934,0.031178995967554815,0.0,0.029530988943303485,0.0,0.006044112791217058,0.006065414883418978,0.021318933460878445,0.0,0.0,0.005100647378863581,0.007745034499632315,0.0,0.0,0.015914478093237715,0.009030834111222744,0.0,0.006228737806802635,0.006486431221921705,0.005133337501744895,0.0,0.014692383625058314,0.0468691609225963,0.005435089842146044,0.0,0.02809242691542091,0.0057002361134878814,0.006520587062321942,0.005273166691916084,0.03745775666290663,0.017828355529497554,0.016556292079152896,0.0,0.019922537193200994,0.01905266669204399,0.014988290961371244,0.02574509666148765,0.0,0.0,0.0063991711639140225,0.004745002084787535,0.007384448738442229,0.006421179163714785,0.00521259967216067,0.012293979815146388,0.0,0.0,0.025993908719832755,0.023351332478329028,0.0,0.0,0.014126814659707372,0.013992606399270675,0.0,0.006848367537700079,0.0,0.008578630016546563,0.004687381406079054,0.0,0.01251499750146104,0.02274225718029034,0.0,0.014652201074623557,0.010052887529255134,0.005664082385583067
19,0.0,0.0033794733829857026,0.0039038131167973837,0.0,0.005548496475521409,0.0,0.010516583678892502,0.0,0.0,0.0,0.0,0.00856896578276126,0.005194150882910876,0.040475856000493915,0.016838634092066877,0.0,0.020579098909344236,0.0,0.030261731770437575,1.0000000000000002,0.005479836656855374,0.0,0.00997572241597852,0.0,0.006407396429187015,0.005761763473406134,0.0,0.0,0.0,0.004946664334412733,0.0035116647164504747,0.0,0.007444132047306663,0.0,0.0,0.0,0.0,0.0,0.0,0.0,0.0,0.018316761119362493,0.0,0.003742988254847884,0.011662759074570733,0.0197163304423154,0.0028833628824521313,0.06601167866290304,0.00956161027349437,0.0,0.0,0.0,0.0,0.003723387766458707,0.0,0.0,0.009071909443113535,0.0,0.018104089606785383,0.0,0.0,0.0,0.0,0.0,0.008695171410027762,0.004213504180252696,0.003987858930792985,0.014546314229324718,0.0,0.006279588199455213,0.007464820552861518,0.0,0.0,0.013073522010250175,0.0,0.0,0.0,0.012035631450944788,0.0,0.0,0.0,0.006593070915443541,0.0,0.0,0.0,0.020508718119156395,0.0,0.0,0.009427433774926828,0.01794746611165671,0.0,0.004538039298887381,0.003519657311929663,0.0,0.003121221318551324,0.004576982977467958,0.0,0.009374714243803556,0.014712042303266093,0.006072468485310985,0.014570990153677668,0.0,0.0,0.0,0.00605164017639959,0.0029787886269759603,0.0,0.016744765786232622,0.01850173820219998,0.0,0.0,0.014019565365547269,0.0,0.0,0.0,0.0,0.0,0.009082859233524025,0.0,0.0,0.0,0.0,0.0,0.0,0.0032708655853225127,0.0,0.0,0.0,0.0,0.0,0.0,0.03499669731000217,0.0,0.015946894913250367,0.0027100763815952823,0.00934830661616664,0.0,0.007469295788852208,0.0,0.0,0.00514188965243476,0.006304442917487601,0.0,0.0,0.0,0.0,0.0,0.024196762123256638,0.0,0.0,0.004198041628727114
20,0.0,0.0,0.0,0.0,0.0,0.0,0.0,0.0,0.004542942870103318,0.004841898922520156,0.002531732154476248,0.0,0.007179757749240235,0.0,0.004878930342362906,0.0,0.0,0.005048718275785525,0.0,0.005479836656855374,1.0,0.0,0.0,0.0,0.0,0.0,0.0,0.0,0.0,0.0,0.004854095025160135,0.0,0.0,0.0,0.0,0.0,0.0,0.0,0.0,0.0,0.0,0.0,0.0,0.003998691230837843,0.0,0.0,0.0,0.0,0.013216798472720488,0.0,0.0,0.0,0.0,0.005146755027392779,0.0,0.0,0.0,0.0,0.02502487520624596,0.0,0.004380787646884398,0.004251746315083593,0.02095146607467822,0.0,0.0,0.005824231904613407,0.022507579466075886,0.0108038002878505,0.0,0.008680133298671006,0.010318453279327826,0.004694792737608796,0.0,0.0,0.0,0.0,0.0,0.0,0.0,0.0,0.0,0.01206935781957581,0.0,0.0,0.0,0.008890903770712949,0.0,0.0,0.004226648487165365,0.006664947439139202,0.0,0.0,0.004865143009830169,0.0,0.00431439391233164,0.02602529339214075,0.0,0.01295845630135814,0.020336124636184796,0.0,0.0,0.0,0.0,0.0,0.0,0.004117512411555854,0.0,0.00461432249518538,0.006870781194582449,0.0,0.026407199057712917,0.005206287377818797,0.0,0.0,0.0,0.0,0.004286612839689098,0.012555031695691943,0.0,0.0,0.0,0.0,0.0,0.0,0.004521243811034948,0.0,0.0,0.0,0.0,0.0,0.03126365862315734,0.00999926139811253,0.0036267047881739676,0.0,0.003746077528438546,0.0056332166540916774,0.005512718746757531,0.0,0.0,0.0,0.0,0.0,0.007271834516415269,0.003759805606131716,0.05275118711360381,0.0,0.0,0.0,0.0,0.0,0.0
